2239	6452
1	19
2	165
3	2
4	813
5	509
6	1311
7	165
8	49
9	267
10	28
11	160
12	11
13	12
14	13
15	121
16	15
17	431
18	17
19	18
20	19
21	1090
22	165
23	249
24	23
25	1628
26	160
27	26
28	144
29	28
30	11
31	26
32	804
33	32
34	2057
35	1821
36	1271
37	249
38	37
39	27
40	39
41	2070
42	108
43	144
44	43
45	1901
46	45
47	1207
48	26
49	251
50	212
51	149
52	1790
53	52
54	53
55	108
56	26
57	56
58	1135
59	804
60	59
61	60
62	27
63	1271
64	600
65	219
66	65
67	66
68	121
69	68
70	696
71	70
72	866
73	434
74	1790
75	74
76	894
77	77
78	77
79	144
80	79
81	1354
82	144
83	53
84	473
85	84
86	85
87	375
88	87
89	88
90	89
91	915
92	91
93	166
94	976
95	94
96	431
97	44
98	1380
99	108
100	392
101	19
102	144
103	358
104	103
105	1126
106	101
107	868
108	228
109	1487
110	109
111	827
112	240
113	1430
114	108
115	108
116	393
117	669
118	1400
119	118
120	1633
121	1072
122	13
123	1248
124	123
125	124
126	1653
127	1779
128	166
129	128
130	1126
131	1599
132	131
133	1324
134	133
135	1165
136	1077
137	136
138	1366
139	121
140	139
141	160
142	696
143	142
144	2035
145	47
146	1155
147	146
148	366
149	160
150	298
151	150
152	1416
153	152
154	366
155	154
156	1307
157	144
158	18
159	219
160	391
161	160
162	124
163	642
164	1822
165	1595
166	165
167	166
168	1216
169	1273
170	347
171	170
172	171
173	793
174	173
175	174
176	1922
177	1599
178	1396
179	1041
180	121
181	180
182	683
183	182
184	183
185	1512
186	606
187	1698
188	827
189	1155
190	881
191	204
192	191
193	192
194	1793
195	1834
196	351
197	635
198	197
199	1442
200	364
201	200
202	430
203	202
204	430
205	204
206	722
207	1892
208	146
209	160
210	102
211	1857
212	1662
213	212
214	1416
215	214
216	215
217	1336
218	217
219	27
220	393
221	831
222	1041
223	431
224	223
225	1587
226	1186
227	226
228	1853
229	1599
230	646
231	430
232	231
233	569
234	1653
235	234
236	1857
237	160
238	237
239	238
240	1430
241	1379
242	1814
243	619
244	243
245	1822
246	1208
247	1735
248	247
249	1240
250	1215
251	284
252	251
253	1315
254	253
255	1126
256	53
257	1307
258	257
259	881
260	267
261	160
262	261
263	2210
264	263
265	1790
266	108
267	1126
268	889
269	685
270	1516
271	1595
272	503
273	272
274	712
275	1669
276	569
277	1840
278	524
279	278
280	1377
281	391
282	1290
283	166
284	283
285	160
286	298
287	1463
288	287
289	339
290	818
291	290
292	736
293	1255
294	293
295	631
296	996
297	1379
298	1972
299	1182
300	1064
301	1987
302	473
303	302
304	303
305	304
306	654
307	569
308	309
309	308
310	309
311	1324
312	311
313	160
314	313
315	1901
316	71
317	316
318	317
319	318
320	1982
321	577
322	715
323	1111
324	323
325	324
326	908
327	326
328	1587
329	27
330	502
331	1587
332	343
333	332
334	1252
335	334
336	1251
337	336
338	1621
339	338
340	339
341	340
342	576
343	1655
344	351
345	793
346	345
347	166
348	347
349	27
350	1442
351	350
352	576
353	635
354	666
355	354
356	894
357	339
358	569
359	2213
360	600
361	1735
362	1232
363	362
364	567
365	1058
366	675
367	366
368	970
369	894
370	1379
371	1009
372	215
373	304
374	446
375	121
376	375
377	122
378	366
379	1793
380	379
381	380
382	381
383	2070
384	383
385	384
386	108
387	1186
388	228
389	1665
390	523
391	1656
392	391
393	339
394	393
395	394
396	1599
397	1406
398	1120
399	636
400	427
401	816
402	62
403	791
404	1520
405	832
406	533
407	406
408	160
409	316
410	409
411	410
412	411
413	27
414	1587
415	414
416	1186
417	1210
418	1313
419	1876
420	227
421	108
422	486
423	1994
424	1405
425	1403
426	1876
427	1888
428	1013
429	316
430	1001
431	1271
432	431
433	866
434	1072
435	227
436	1786
437	1354
438	1403
439	1883
440	1770
441	901
442	441
443	1525
444	1297
445	2045
446	418
447	446
448	447
449	1570
450	449
451	108
452	569
453	452
454	453
455	2200
456	1371
457	456
458	1170
459	1790
460	140
461	351
462	502
463	241
464	1691
465	170
466	228
467	466
468	1987
469	219
470	469
471	470
472	1882
473	167
474	473
475	474
476	1463
477	476
478	839
479	952
480	170
481	166
482	481
483	602
484	1186
485	484
486	438
487	1607
488	742
489	2132
490	454
491	1450
492	1298
493	492
494	350
495	494
496	952
497	496
498	683
499	889
500	499
501	1442
502	267
503	446
504	503
505	504
506	1442
507	427
508	438
509	995
510	662
511	957
512	901
513	1570
514	1940
515	71
516	515
517	516
518	1359
519	793
520	1377
521	1573
522	1256
523	462
524	523
525	687
526	278
527	1213
528	2083
529	1747
530	249
531	1252
532	1252
533	532
534	1369
535	726
536	535
537	1103
538	537
539	1400
540	71
541	427
542	1290
543	542
544	1152
545	544
546	431
547	2093
548	547
549	548
550	784
551	991
552	923
553	552
554	611
555	1050
556	316
557	556
558	557
559	1516
560	733
561	560
562	561
563	562
564	264
565	2088
566	1786
567	1943
568	567
569	671
570	569
571	1406
572	1406
573	572
574	1958
575	1079
576	1215
577	576
578	1454
579	578
580	1255
581	1117
582	614
583	1313
584	583
585	1108
586	430
587	1278
588	108
589	1165
590	2024
591	160
592	304
593	320
594	593
595	71
596	977
597	228
598	597
599	598
600	717
601	1840
602	1186
603	2196
604	1417
605	1595
606	1806
607	531
608	414
609	1108
610	609
611	610
612	611
613	612
614	613
615	614
616	53
617	1252
618	617
619	502
620	619
621	600
622	431
623	1058
624	331
625	62
626	719
627	278
628	982
629	427
630	2220
631	1213
632	1814
633	733
634	1938
635	272
636	320
637	1341
638	427
639	1135
640	631
641	803
642	430
643	642
644	1910
645	1218
646	1207
647	1656
648	1671
649	108
650	606
651	1455
652	651
653	733
654	653
655	1399
656	454
657	584
658	657
659	658
660	1958
661	1599
662	1058
663	1347
664	1901
665	1909
666	1185
667	1883
668	667
669	265
670	669
671	1511
672	671
673	1019
674	1726
675	1163
676	717
677	1822
678	675
679	1311
680	53
681	777
682	1883
683	879
684	868
685	684
686	268
687	1060
688	733
689	1834
690	689
691	690
692	1747
693	717
694	1248
695	1182
696	695
697	1428
698	567
699	53
700	191
701	977
702	1300
703	783
704	1359
705	1491
706	1786
707	706
708	1041
709	71
710	709
711	710
712	272
713	765
714	1730
715	714
716	382
717	1214
718	944
719	2096
720	1576
721	720
722	1450
723	722
724	2164
725	1180
726	272
727	922
728	727
729	728
730	729
731	1882
732	802
733	732
734	977
735	1762
736	339
737	736
738	737
739	531
740	739
741	740
742	832
743	783
744	1467
745	944
746	1237
747	449
748	1298
749	215
750	2164
751	1615
752	827
753	1471
754	1570
755	1354
756	755
757	756
758	390
759	2164
760	1547
761	1428
762	761
763	2072
764	763
765	1786
766	1046
767	219
768	767
769	768
770	80
771	770
772	1506
773	1212
774	1030
775	417
776	1117
777	776
778	1780
779	778
780	1784
781	922
782	781
783	782
784	1656
785	1594
786	970
787	27
788	1940
789	1009
790	789
791	569
792	571
793	71
794	1882
795	794
796	739
797	796
798	2077
799	1252
800	799
801	800
802	801
803	802
804	803
805	2103
806	805
807	806
808	1570
809	361
810	1232
811	1198
812	1730
813	1429
814	1369
815	814
816	1186
817	816
818	817
819	1324
820	569
821	820
822	821
823	822
824	1070
825	1570
826	486
827	1009
828	827
829	470
830	642
831	108
832	831
833	832
834	1062
835	1155
836	267
837	1882
838	1698
839	264
840	71
841	1838
842	962
843	1058
844	1669
845	691
846	1691
847	846
848	847
849	1867
850	486
851	108
852	957
853	1163
854	834
855	339
856	855
857	895
858	666
859	858
860	976
861	860
862	897
863	783
864	1155
865	864
866	1822
867	1591
868	867
869	1641
870	869
871	445
872	1255
873	1941
874	1369
875	1727
876	1210
877	876
878	1030
879	1013
880	1564
881	880
882	1207
883	882
884	516
885	884
886	885
887	827
888	1488
889	787
890	1803
891	1186
892	891
893	1618
894	1453
895	1616
896	122
897	646
898	897
899	898
900	899
901	1570
902	1512
903	1617
904	430
905	892
906	962
907	34
908	907
909	908
910	1486
911	996
912	911
913	1290
914	957
915	914
916	687
917	1030
918	917
919	918
920	919
921	920
922	921
923	780
924	1277
925	1287
926	1784
927	926
928	1698
929	1252
930	251
931	930
932	1463
933	1287
934	1218
935	1571
936	1050
937	936
938	1512
939	922
940	939
941	1762
942	991
943	942
944	943
945	733
946	1485
947	1672
948	600
949	948
950	2074
951	1152
952	1716
953	803
954	953
955	254
956	1487
957	714
958	1327
959	958
960	1273
961	960
962	427
963	2170
964	2220
965	1722
966	160
967	1698
968	1606
969	683
970	227
971	65
972	1186
973	364
974	944
975	298
976	1797
977	1155
978	227
979	978
980	1013
981	980
982	71
983	982
984	265
985	1491
986	1823
987	986
988	987
989	980
990	989
991	251
992	1315
993	1793
994	683
995	1313
996	1060
997	996
998	264
999	337
1000	879
1001	182
1002	1180
1003	1796
1004	1003
1005	1004
1006	709
1007	1237
1008	1618
1009	962
1010	1338
1011	783
1012	1371
1013	438
1014	1780
1015	807
1016	966
1017	1016
1018	155
1019	2119
1020	1256
1021	1396
1022	1021
1023	1022
1024	1784
1025	982
1026	1822
1027	952
1028	1027
1029	1028
1030	264
1031	1030
1032	1575
1033	1570
1034	514
1035	1793
1036	1140
1037	1036
1038	1831
1039	1099
1040	706
1041	1467
1042	361
1043	1042
1044	1396
1045	1836
1046	108
1047	1487
1048	1838
1049	675
1050	1049
1051	1654
1052	1051
1053	1052
1054	1053
1055	1882
1056	1838
1057	391
1058	2185
1059	783
1060	571
1061	1060
1062	381
1063	1430
1064	2035
1065	1591
1066	1338
1067	1255
1068	1152
1069	1170
1070	2063
1071	1070
1072	1071
1073	1072
1074	1079
1075	1074
1076	391
1077	486
1078	1077
1079	1987
1080	1117
1081	1882
1082	1081
1083	1000
1084	393
1085	1183
1086	361
1087	1691
1088	1867
1089	227
1090	1656
1091	1796
1092	1091
1093	1119
1094	182
1095	438
1096	1606
1097	264
1098	497
1099	2212
1100	1099
1101	807
1102	438
1103	1660
1104	1359
1105	892
1106	1105
1107	1796
1108	179
1109	642
1110	1790
1111	1453
1112	227
1113	342
1114	1570
1115	1114
1116	879
1117	364
1118	1338
1119	249
1120	1726
1121	2063
1122	822
1123	2036
1124	584
1125	1399
1126	1564
1127	1111
1128	1491
1129	1255
1130	1129
1131	1130
1132	1793
1133	1793
1134	1416
1135	1134
1136	1568
1137	1136
1138	2219
1139	1000
1140	1139
1141	1236
1142	1786
1143	1142
1144	2212
1145	1759
1146	514
1147	839
1148	1570
1149	600
1150	108
1151	2070
1152	953
1153	1506
1154	1573
1155	1915
1156	1575
1157	1156
1158	1157
1159	1575
1160	1159
1161	1814
1162	339
1163	1960
1164	1163
1165	1875
1166	1307
1167	2002
1168	1167
1169	1716
1170	1126
1171	1727
1172	1171
1173	1671
1174	1399
1175	1174
1176	1154
1177	1228
1178	2125
1179	1882
1180	454
1181	1941
1182	1181
1183	1453
1184	2185
1185	1491
1186	1185
1187	1119
1188	1793
1189	192
1190	1189
1191	683
1192	264
1193	1192
1194	1117
1195	1722
1196	675
1197	1965
1198	1197
1199	1126
1200	1511
1201	1046
1202	1430
1203	166
1204	1403
1205	1200
1206	1089
1207	953
1208	881
1209	1248
1210	227
1211	1684
1212	1684
1213	1212
1214	1672
1215	991
1216	1360
1217	1571
1218	427
1219	1413
1220	1219
1221	1220
1222	1396
1223	1248
1224	1998
1225	2220
1226	1140
1227	1298
1228	1090
1229	602
1230	1512
1231	2146
1232	1369
1233	1277
1234	2119
1235	406
1236	1235
1237	1520
1238	1183
1239	784
1240	2199
1241	1240
1242	654
1243	675
1244	1371
1245	1244
1246	1186
1247	1910
1248	1247
1249	1248
1250	1249
1251	1013
1252	264
1253	1486
1254	818
1255	1213
1256	1691
1257	1256
1258	1278
1259	347
1260	1298
1261	1260
1262	1261
1263	1262
1264	1252
1265	1669
1266	1265
1267	1120
1268	976
1269	1126
1270	192
1271	1405
1272	1450
1273	454
1274	1273
1275	2148
1276	758
1277	2203
1278	1564
1279	1278
1280	1453
1281	1379
1282	480
1283	1282
1284	1959
1285	643
1286	1341
1287	1286
1288	1287
1289	1185
1290	1289
1291	1215
1292	1291
1293	1186
1294	1255
1295	454
1296	1295
1297	2007
1298	2077
1299	1338
1300	1338
1301	1547
1302	1672
1303	1302
1304	1365
1305	486
1306	1458
1307	1231
1308	155
1309	1487
1310	1412
1311	1310
1312	1221
1313	1232
1314	1702
1315	1654
1316	1315
1317	1405
1318	834
1319	1207
1320	1126
1321	2196
1322	2088
1323	982
1324	497
1325	1324
1326	1882
1327	1064
1328	1571
1329	962
1330	1329
1331	1405
1332	1331
1333	1332
1334	1333
1335	1218
1336	1727
1337	1803
1338	1282
1339	1338
1340	2028
1341	1615
1342	879
1343	1342
1344	1343
1345	970
1346	1429
1347	1442
1348	1347
1349	179
1350	2011
1351	1341
1352	1155
1353	1689
1354	881
1355	1591
1356	1186
1357	2223
1358	643
1359	1594
1360	571
1361	227
1362	726
1363	1752
1364	1377
1365	1765
1366	1089
1367	675
1368	1367
1369	1786
1370	1447
1371	1327
1372	1786
1373	1255
1374	1373
1375	1765
1376	1375
1377	1633
1378	1050
1379	1463
1380	342
1381	1380
1382	1001
1383	1382
1384	1770
1385	1607
1386	1653
1387	1252
1388	264
1389	1388
1390	1486
1391	272
1392	2007
1393	646
1394	1360
1395	1790
1396	1672
1397	1567
1398	1231
1399	1398
1400	1417
1401	1756
1402	1401
1403	1327
1404	1379
1405	1840
1406	2132
1407	1857
1408	1365
1409	1917
1410	1152
1411	1248
1412	2008
1413	1616
1414	1618
1415	1406
1416	1641
1417	2223
1418	1944
1419	1310
1420	1463
1421	2173
1422	1421
1423	1422
1424	418
1425	1599
1426	1599
1427	991
1428	1607
1429	1453
1430	1429
1431	1430
1432	2100
1433	1155
1434	1228
1435	1434
1436	1653
1437	1591
1438	1617
1439	1438
1440	733
1441	1691
1442	1369
1443	2074
1444	1443
1445	2074
1446	817
1447	1653
1448	1447
1449	1324
1450	793
1451	2083
1452	1451
1453	571
1454	1453
1455	1221
1456	1455
1457	1463
1458	1457
1459	2003
1460	1786
1461	1252
1462	1461
1463	1547
1464	1463
1465	1594
1466	227
1467	1466
1468	1467
1469	1770
1470	1450
1471	1470
1472	804
1473	1472
1474	1354
1475	1595
1476	1812
1477	1617
1478	179
1479	1972
1480	1324
1481	351
1482	470
1483	1735
1484	976
1485	1485
1486	1485
1487	1537
1488	342
1489	1488
1490	1489
1491	1490
1492	1491
1493	1599
1494	1493
1495	1494
1496	1298
1497	1496
1498	1594
1499	1412
1500	1857
1501	1154
1502	1575
1503	1567
1504	1503
1505	1488
1506	1958
1507	1467
1508	675
1509	1508
1510	1801
1511	2074
1512	1511
1513	1599
1514	1628
1515	2028
1516	1515
1517	1516
1518	1517
1519	1518
1520	1430
1521	1273
1522	1521
1523	1311
1524	1453
1525	1599
1526	1237
1527	1793
1528	1527
1529	1315
1530	1633
1531	1618
1532	1901
1533	1803
1534	2119
1535	1617
1536	1535
1537	1536
1538	1486
1539	1538
1540	1786
1541	1379
1542	1940
1543	1691
1544	1079
1545	1544
1546	1545
1547	2036
1548	1867
1549	1641
1550	1617
1551	1221
1552	1551
1553	1552
1554	1506
1555	944
1556	1366
1557	1556
1558	1547
1559	1558
1560	1876
1561	2016
1562	1784
1563	1562
1564	1563
1565	1727
1566	254
1567	1566
1568	1892
1569	1248
1570	944
1571	1564
1572	1525
1573	1572
1574	1371
1575	1910
1576	1155
1577	1248
1578	2163
1579	1578
1580	1579
1581	1580
1582	1581
1583	1537
1584	2057
1585	1430
1586	1716
1587	1709
1588	787
1589	1588
1590	1589
1591	1590
1592	966
1593	1671
1594	970
1595	1675
1596	2088
1597	1596
1598	1417
1599	1840
1600	1072
1601	1600
1602	1601
1603	1594
1604	1603
1605	1367
1606	892
1607	1060
1608	1691
1609	1599
1610	1609
1611	1610
1612	1333
1613	2200
1614	1613
1615	2100
1616	2156
1617	1616
1618	1641
1619	1641
1620	1324
1621	503
1622	1621
1623	1622
1624	1623
1625	1675
1626	1669
1627	1709
1628	1672
1629	1628
1630	1671
1631	1882
1632	62
1633	1119
1634	1633
1635	1654
1636	1635
1637	1636
1638	1834
1639	1638
1640	1639
1641	1819
1642	758
1643	192
1644	1770
1645	2206
1646	2048
1647	272
1648	1366
1649	1648
1650	1649
1651	2203
1652	1651
1653	1652
1654	1840
1655	1641
1656	1655
1657	878
1658	1838
1659	1237
1660	2219
1661	1660
1662	1661
1663	1662
1664	1663
1665	2173
1666	1711
1667	1834
1668	1486
1669	1698
1670	1506
1671	1617
1672	192
1673	1248
1674	1673
1675	1674
1676	1675
1677	1617
1678	192
1679	62
1680	1679
1681	2046
1682	1793
1683	1271
1684	1564
1685	1595
1686	1633
1687	1803
1688	1687
1689	1987
1690	1237
1691	1822
1692	2208
1693	1834
1694	1547
1695	1694
1696	1765
1697	1696
1698	1853
1699	228
1700	1699
1701	1806
1702	1701
1703	1752
1704	1703
1705	1722
1706	839
1707	1617
1708	192
1709	1525
1710	1780
1711	1857
1712	1013
1713	1712
1714	1759
1715	1467
1716	1228
1717	533
1718	1689
1719	1718
1720	1965
1721	1278
1722	1669
1723	1152
1724	1756
1725	1096
1726	1725
1727	1876
1728	1160
1729	1836
1730	2140
1731	1152
1732	793
1733	1290
1734	1228
1735	1989
1736	1840
1737	1756
1738	1910
1739	1702
1740	1689
1741	758
1742	1324
1743	832
1744	1430
1745	1744
1746	1883
1747	1793
1748	1360
1749	1726
1750	1641
1751	1758
1752	1656
1753	1752
1754	533
1755	1834
1756	1755
1757	1840
1758	1324
1759	1758
1760	1759
1761	1672
1762	1727
1763	1595
1764	264
1765	1615
1766	2145
1767	1882
1768	1857
1769	1248
1770	1769
1771	2087
1772	1793
1773	1688
1774	1653
1775	1838
1776	2056
1777	227
1778	1777
1779	1547
1780	2024
1781	1867
1782	1781
1783	1923
1784	976
1785	2016
1786	1735
1787	1875
1788	780
1789	1788
1790	1726
1791	2077
1792	1595
1793	1922
1794	2212
1795	1794
1796	1795
1797	1471
1798	1336
1799	2207
1800	2146
1801	1800
1802	1801
1803	1802
1804	1140
1805	1790
1806	1653
1807	1221
1808	780
1809	1882
1810	1809
1811	1756
1812	1811
1813	1784
1814	2028
1815	2072
1816	1883
1817	780
1818	1875
1819	1857
1820	1882
1821	1834
1822	832
1823	2007
1824	1823
1825	1824
1826	1756
1827	1826
1828	1938
1829	1467
1830	1829
1831	1876
1832	1812
1833	1840
1834	2074
1835	1857
1836	1835
1837	1836
1838	1564
1839	1838
1840	2053
1841	1840
1842	1793
1843	1842
1844	1843
1845	2119
1846	2016
1847	1735
1848	1847
1849	940
1850	1819
1851	1850
1852	675
1853	1852
1854	1623
1855	1854
1856	1855
1857	1883
1858	1857
1859	1882
1860	2036
1861	1248
1862	1861
1863	1119
1864	1863
1865	1297
1866	1865
1867	1994
1868	2103
1869	1868
1870	1140
1871	1870
1872	2008
1873	1867
1874	1803
1875	2001
1876	2001
1877	1154
1878	1154
1879	1910
1880	1882
1881	1922
1882	1921
1883	1868
1884	1881
1885	1883
1886	1868
1887	1901
1888	1595
1889	1607
1890	2200
1891	1182
1892	1909
1893	1881
1894	1607
1895	1182
1896	1923
1897	1889
1898	1888
1899	1881
1900	1922
1901	1901
1902	1915
1903	1917
1904	1921
1905	1923
1906	1910
1907	1922
1908	1924
1909	1868
1910	1819
1911	1868
1912	1883
1913	1883
1914	1882
1915	1923
1916	1876
1917	1790
1918	1924
1919	1922
1920	1915
1921	1882
1922	1923
1923	1888
1924	480
1925	1924
1926	1923
1927	1926
1928	1927
1929	1001
1930	1929
1931	1930
1932	1931
1933	666
1934	1933
1935	1932
1936	1935
1937	1936
1938	1937
1939	1940
1940	1939
1941	1939
1942	1371
1943	1942
1944	1943
1945	1944
1946	1945
1947	1946
1948	1947
1949	1948
1950	1949
1951	1950
1952	1060
1953	1013
1954	1953
1955	1954
1956	304
1957	1956
1958	1957
1959	1958
1960	1959
1961	179
1962	1961
1963	1962
1964	1963
1965	1160
1966	1965
1967	940
1968	1967
1969	1968
1970	2212
1971	1979
1972	1979
1973	1970
1974	1980
1975	1981
1976	1979
1977	1981
1978	1979
1979	1970
1980	1980
1981	1980
1982	1970
1983	1982
1984	1983
1985	1984
1986	1994
1987	457
1988	1994
1989	1160
1990	457
1991	1170
1992	2119
1993	1997
1994	2119
1995	1997
1996	1160
1997	1994
1998	1997
1999	457
2000	1999
2001	2002
2002	2001
2003	2175
2004	2003
2005	1458
2006	1458
2007	1458
2008	2007
2009	2008
2010	2009
2011	2010
2012	2035
2013	2037
2014	1790
2015	2011
2016	2028
2017	2011
2018	2045
2019	1790
2020	2051
2021	2036
2022	1790
2023	2035
2024	2056
2025	2024
2026	2048
2027	675
2028	2053
2029	2057
2030	2046
2031	675
2032	675
2033	1790
2034	2045
2035	2061
2036	486
2037	2051
2038	2011
2039	2056
2040	2061
2041	2028
2042	2024
2043	2057
2044	2053
2045	2040
2046	2040
2047	2048
2048	2040
2049	2060
2050	2057
2051	1790
2052	2028
2053	2011
2054	2035
2055	2035
2056	1790
2057	1790
2058	2037
2059	2045
2060	2011
2061	2035
2062	2053
2063	2060
2064	1641
2065	1273
2066	2065
2067	1298
2068	1616
2069	2068
2070	2069
2071	1831
2072	2087
2073	2083
2074	1831
2075	1831
2076	2077
2077	1297
2078	2090
2079	2088
2080	2070
2081	1831
2082	2195
2083	2083
2084	2090
2085	2090
2086	1297
2087	1812
2088	1812
2089	2088
2090	2074
2091	2090
2092	1253
2093	818
2094	1253
2095	2094
2096	2095
2097	1207
2098	1840
2099	2098
2100	2099
2101	2100
2102	2101
2103	2102
2104	1709
2105	1867
2106	2105
2107	2106
2108	2107
2109	2108
2110	2109
2111	2110
2112	2212
2113	2112
2114	2113
2115	155
2116	2115
2117	2116
2118	2117
2119	2118
2120	2201
2121	2120
2122	2121
2123	2122
2124	2123
2125	514
2126	2125
2127	514
2128	2125
2129	1310
2130	2129
2131	2130
2132	2131
2133	2132
2134	2133
2135	456
2136	456
2137	2136
2138	2137
2139	2138
2140	1506
2141	2140
2142	2141
2143	2142
2144	2143
2145	1207
2146	2145
2147	1230
2148	1230
2149	2148
2150	2149
2151	2150
2152	2151
2153	2152
2154	2153
2155	2154
2156	2155
2157	2156
2158	2157
2159	2158
2160	892
2161	2163
2162	758
2163	1641
2164	2163
2165	2164
2166	1256
2167	2166
2168	2167
2169	2168
2170	2169
2171	2170
2172	2173
2173	940
2174	2173
2175	1420
2176	2173
2177	1420
2178	2177
2179	2178
2180	2203
2181	2196
2182	2200
2183	1762
2184	454
2185	2195
2186	454
2187	2195
2188	2201
2189	2206
2190	2195
2191	2199
2192	1762
2193	2206
2194	2203
2195	2195
2196	2201
2197	454
2198	2200
2199	454
2200	2203
2201	454
2202	2201
2203	454
2204	2207
2205	2200
2206	2207
2207	2200
2208	1762
2209	2208
2210	2209
2211	2210
2212	2211
2213	2212
2214	1803
2215	1396
2216	1360
2217	976
2218	2212
2219	1747
2220	976
2221	2220
2222	2221
2223	1341
2224	2223
2225	2224
2226	2225
2227	2226
2228	2227
2229	2228
2230	2229
2231	2230
2232	2231
2233	2232
2234	2233
2235	2234
2236	2232
2237	2236
2238	2237
2239	2238
2	600
2	813
11	12
13	32
13	354
13	13
13	128
13	121
15	804
15	393
15	1090
15	1796
15	1471
17	91
17	18
17	1099
19	165
23	2148
23	1230
23	497
23	2146
23	1327
26	144
26	27
26	47
27	32
28	1379
28	192
28	342
28	37
28	1671
28	1487
28	108
28	160
28	1403
28	1466
28	249
28	167
32	1311
32	2053
32	264
32	2061
32	1822
32	717
32	2028
32	2045
32	1607
32	1790
32	1442
32	2035
32	486
32	2037
32	733
32	2036
32	2051
32	1882
32	1564
32	889
32	2046
32	1883
32	2048
32	2060
32	1972
32	2056
32	2057
32	2016
32	977
32	227
32	1126
32	2024
32	1876
32	1793
32	71
32	1570
32	2040
32	267
32	901
32	1111
32	427
32	1255
32	1684
32	1186
32	1248
32	1857
32	675
32	2011
34	907
34	1461
37	1072
37	165
37	866
37	1591
37	1064
37	1730
37	1354
37	1669
37	1512
37	228
37	1698
37	1506
37	251
37	1599
37	2140
37	966
37	1152
37	1722
37	146
37	839
43	722
43	671
43	44
44	671
44	895
44	122
45	1198
45	953
47	847
47	144
47	47
49	1111
49	1814
49	1255
49	1939
49	1463
49	894
49	1938
49	1940
49	1786
49	65
49	267
49	939
49	1216
49	733
49	881
52	53
56	922
56	1797
56	1656
56	783
56	780
59	880
59	60
62	572
65	219
65	354
65	128
65	1216
65	434
66	1310
66	71
66	868
66	2125
66	514
68	696
68	2099
70	71
70	427
70	868
70	866
70	982
70	1572
70	1616
71	197
71	466
71	354
71	180
71	149
71	441
74	251
74	80
74	1079
74	1135
74	1458
74	2003
77	1568
77	1062
77	1135
77	1103
77	77
77	593
79	265
79	108
79	364
79	160
79	1000
79	1058
79	182
84	816
84	473
85	375
87	88
89	1315
89	600
89	165
89	1756
89	1653
89	1400
89	1369
89	1838
89	1735
89	894
89	889
89	431
89	1836
89	1840
89	970
89	267
89	1467
89	1155
91	434
91	1520
91	1236
91	345
91	1400
94	1412
94	602
94	1587
94	2132
94	1369
94	1228
94	894
94	1399
94	889
94	431
94	430
94	787
94	438
94	1252
94	267
94	834
94	1575
94	1405
94	1155
102	170
109	1009
109	642
109	666
109	827
109	901
109	631
118	571
118	1950
118	1359
123	977
123	227
123	1336
123	717
123	1126
123	1834
123	1793
123	1691
123	1570
123	1747
123	1360
123	733
123	2220
123	1140
123	427
123	1672
123	1119
123	2208
123	1564
123	1396
123	2212
123	1186
123	2219
123	1857
123	976
123	1547
123	1213
123	1221
123	1726
123	1428
123	1803
123	1806
124	1210
124	642
128	1987
128	1814
128	264
128	1822
128	717
128	1607
128	1921
128	1442
128	480
128	733
128	1154
128	1882
128	1119
128	1883
128	1881
128	1221
128	1726
128	1888
128	1889
128	1917
128	977
128	227
128	1126
128	1901
128	1876
128	1819
128	1786
128	1570
128	267
128	1909
128	901
128	1910
128	1868
128	1111
128	1923
128	1672
128	1684
128	1915
128	1770
128	1186
128	1248
128	1922
128	1924
128	1182
128	1595
131	418
131	1324
133	1046
133	1282
133	160
133	1487
133	1200
136	1413
136	643
136	267
136	1466
136	889
136	1218
136	431
146	685
149	1278
149	1987
149	264
149	1822
149	227
149	717
149	1727
149	1999
149	1786
149	982
149	1570
149	1998
149	1997
149	1784
149	1994
149	427
149	1160
149	1564
149	1186
149	1213
149	1215
149	457
149	298
149	1170
149	1972
149	2119
150	2223
150	1341
150	879
150	894
150	654
150	1434
150	347
150	996
150	1416
152	366
154	155
154	1377
154	1050
154	1307
154	1165
166	434
166	1779
167	1463
167	1207
170	509
171	1984
171	793
171	1366
171	726
171	733
171	1311
173	1041
173	361
174	1001
174	831
174	1180
174	1941
179	509
180	427
180	1013
180	1163
180	1606
180	683
180	1060
183	1174
183	375
183	606
183	531
191	204
197	1989
197	1117
197	427
197	497
197	635
197	320
197	1689
197	683
197	1752
197	1615
197	1215
197	1759
197	982
197	1702
197	1571
197	1237
200	1347
200	600
200	438
200	1485
200	784
200	1089
200	431
200	1405
200	1511
200	1406
200	430
202	1447
202	1944
202	1232
202	1369
202	1331
202	1399
202	889
202	1302
202	1417
202	430
212	1252
212	885
212	1517
212	267
212	991
212	889
212	881
214	1516
214	215
217	502
217	646
217	446
223	503
223	1587
226	1278
226	977
226	264
226	227
226	1853
226	1126
226	1567
226	1770
226	1965
226	578
226	1607
226	1213
226	1623
226	1726
227	434
227	1665
231	995
231	569
234	691
234	777
237	915
238	1716
238	533
238	832
238	635
238	1430
238	431
249	302
253	1126
253	1111
253	254
253	2158
257	714
261	1429
261	1313
261	417
261	2210
263	1114
264	434
264	1545
264	1295
264	354
264	1711
264	504
267	494
267	283
272	765
278	524
283	445
283	1486
283	1453
283	1369
283	1231
283	431
283	1450
283	438
283	1675
283	1232
283	1537
283	2100
283	1633
283	2101
283	881
283	1594
283	1406
290	736
293	1009
293	427
293	868
293	1117
293	1338
293	1298
293	631
298	509
303	901
303	304
308	309
311	1447
311	1618
311	1641
311	1453
311	894
311	431
311	996
311	892
311	739
311	1617
311	438
311	1654
311	1428
311	2164
311	758
311	1050
311	2163
313	631
313	523
316	317
318	391
320	496
320	576
324	908
331	1212
331	1291
331	1183
332	343
334	2096
334	977
334	1567
334	1251
334	1570
336	1278
336	337
336	1570
336	1621
338	339
345	2141
345	414
351	635
354	1311
354	1987
354	2185
354	1822
354	1126
354	454
354	1691
354	1786
354	2207
354	1570
354	687
354	2203
354	486
354	2200
354	2206
354	2201
354	901
354	733
354	1784
354	1111
354	2199
354	1186
354	2196
354	2195
354	1248
354	1213
354	675
354	1221
354	1972
354	1170
354	1801
354	1428
354	1814
354	977
354	1595
354	1762
354	2119
354	940
358	1256
358	889
358	1019
358	982
362	567
380	381
382	577
406	1779
427	441
431	537
434	1311
434	2074
434	1822
434	1126
434	2070
434	1876
434	1831
434	2087
434	1786
434	1790
434	1570
434	1442
434	2083
434	486
434	2077
434	1909
434	733
434	1784
434	600
434	1812
434	1672
434	2072
434	2088
434	1182
434	1297
434	1595
434	2090
441	1119
441	2105
441	1525
441	1213
441	1709
441	1290
441	1780
441	1547
441	1215
441	982
441	2103
441	1867
445	1077
446	447
449	556
456	651
462	739
466	1367
466	1892
469	470
476	1253
476	2093
476	818
486	504
494	977
494	1111
494	1758
494	1255
494	1628
496	1210
496	1963
496	1962
496	944
499	1208
499	1786
499	2145
499	1371
499	687
499	1765
499	1573
499	901
504	1822
504	1875
504	1096
504	1442
504	2002
504	2001
504	2175
504	1186
504	1290
509	642
509	1959
509	1958
509	1960
509	1491
509	901
515	516
524	653
532	1062
537	991
537	1214
537	1365
537	996
552	611
569	685
572	1450
572	889
572	1050
572	1271
576	635
578	1454
583	1108
583	584
613	614
617	1030
622	678
662	957
662	768
667	1454
685	803
685	952
695	1070
706	1062
709	710
717	1711
720	1503
720	783
720	2098
720	1401
732	802
733	876
770	1287
770	1400
770	784
770	889
770	1185
770	1165
778	2138
800	1300
800	801
800	1240
806	807
816	817
821	822
868	1216
876	1987
876	1111
876	1822
876	1684
876	1943
876	1688
876	1794
891	1428
891	917
962	1208
977	1665
977	1662
977	1711
980	987
1111	1295
1120	1216
1182	1545
1186	1545
1208	2170
1216	1786
1216	1273
1216	2063
1216	1822
1216	1564
1261	1488
1265	1277
1295	2007
1295	2008
1332	1333
1420	1545
1527	1665
1545	2177
1545	1570
1545	2173
1570	1665
1590	1777
1665	1823
1665	1937
1665	1784
1691	1711
1711	1981
1711	1822
1711	1979
1711	1876
1711	1983
1711	1982
1711	1980
1711	1726
1711	1970
1711	1972
1786	2213
1926	1927
2072	2213
-1	-1
0	1946
0	109
0	130
0	4
0	1266
0	1163
0	659
0	765
0	870
0	1018
0	638
0	642
0	1067
0	1945
0	162
0	1139
0	1928
0	416
0	484
0	19
0	884
0	146
0	818
1	537
1	28
1	226
1	72
1	123
1	158
1	9
1	32
1	572
2	573
2	910
2	581
2	488
2	498
2	385
2	75
2	431
4	225
4	676
4	530
4	51
4	1961
4	744
4	1015
4	298
4	5
4	419
4	423
4	416
4	463
5	336
5	226
5	102
5	7
5	158
5	212
5	209
6	32
6	502
6	171
6	311
6	354
6	212
6	158
7	1814
7	297
7	222
7	908
7	1147
7	1104
7	949
7	1526
7	1830
7	691
7	485
7	188
7	134
7	1210
7	1214
7	550
7	1061
7	1792
7	48
7	1231
7	616
7	807
7	974
7	879
7	793
7	1223
7	121
7	1632
7	1806
7	125
7	123
7	798
7	1132
7	1217
7	128
7	1727
7	466
7	1860
7	910
7	1454
7	1025
7	151
7	1198
7	566
7	482
7	604
7	167
7	349
7	431
7	1837
7	10
7	838
7	333
7	1096
7	498
7	1263
7	1094
7	1427
8	238
8	770
8	171
8	226
8	150
8	253
8	354
8	358
8	72
9	1105
9	1781
9	1138
9	594
9	1863
9	1600
9	182
9	1566
9	1648
9	232
9	364
9	562
9	477
9	1699
9	1829
9	1865
9	196
9	2228
9	48
9	465
9	1795
9	199
9	1388
9	1718
9	1551
9	2227
9	2229
9	459
9	1635
9	1052
9	2226
9	2224
9	2225
9	837
9	1744
9	1282
9	772
9	1843
9	120
9	2230
9	622
9	1835
9	2238
9	1398
9	1438
9	556
9	912
9	598
9	1580
9	143
9	228
9	226
9	1701
9	21
9	440
9	843
9	1436
9	1248
9	1430
9	250
9	1424
9	206
9	1608
9	1855
9	1674
9	635
9	2234
9	2235
9	24
9	521
9	1492
9	106
9	1226
9	983
9	109
9	2237
9	390
9	2236
9	785
9	2233
9	2232
9	1809
9	2231
9	1044
9	1297
9	1298
9	1132
9	433
9	878
9	911
9	342
9	1200
9	111
9	1769
9	1579
9	1613
9	1036
9	352
9	1696
9	654
9	186
9	901
9	176
9	832
9	1854
9	1755
9	1421
9	1852
9	1093
10	32
10	678
10	204
10	876
10	123
10	158
10	494
11	1342
11	1465
11	1272
11	1096
11	824
11	691
11	1443
11	1496
11	452
11	559
11	359
13	97
13	204
13	116
13	76
13	158
13	136
13	539
13	135
13	71
13	1545
13	426
13	121
13	83
13	756
13	591
13	45
15	1176
15	303
15	540
15	16
15	1267
15	902
15	985
15	399
15	804
16	572
16	499
16	49
17	862
17	91
17	351
18	147
19	694
19	48
19	879
19	212
21	28
21	49
21	590
21	158
21	94
21	283
22	70
22	37
23	1109
23	198
23	1214
23	1327
23	48
23	490
23	118
23	638
23	67
23	1108
23	24
23	1452
23	751
23	121
23	184
23	1467
23	249
23	106
23	1179
24	502
24	725
24	634
24	37
25	50
26	706
26	139
26	513
26	105
27	32
27	128
27	876
27	150
27	354
27	72
27	136
28	1694
28	1558
28	1562
28	1711
28	1578
28	689
28	1655
28	1000
28	1663
28	959
28	1248
28	1687
28	207
28	589
28	712
29	920
30	336
30	1142
30	128
30	1169
30	50
30	1163
30	513
30	72
30	996
30	504
30	1545
30	1032
30	354
30	925
30	1262
30	123
30	1088
30	144
30	797
32	338
32	281
32	941
32	1368
32	694
32	106
32	1214
32	1462
32	47
32	217
32	48
32	370
32	213
32	42
32	1632
32	964
32	43
32	627
32	294
32	211
32	1720
32	1301
32	1464
32	285
32	894
32	1207
32	95
32	533
32	96
32	1778
32	144
32	522
32	1322
32	154
32	673
32	164
32	1419
32	1013
32	84
33	217
33	780
34	907
34	35
34	65
34	2157
34	903
34	691
35	263
37	1344
37	109
37	161
37	386
37	173
37	1463
37	772
37	681
37	75
37	1018
37	912
37	997
37	133
37	1178
37	424
37	1932
37	694
37	1068
37	1239
38	504
38	354
38	204
38	1665
39	40
39	845
39	305
40	345
40	354
42	1545
42	171
42	128
42	245
42	876
42	253
42	158
42	494
43	167
43	44
43	122
43	50
44	171
44	354
44	158
44	131
45	603
45	415
45	46
45	152
45	890
45	1198
45	62
46	1276
46	136
47	1278
47	977
47	128
47	499
47	1295
47	50
47	533
47	865
47	1032
47	813
47	358
47	1493
47	354
47	900
47	230
47	399
47	1238
47	1169
47	1086
47	621
47	72
47	158
47	513
47	1374
47	1375
47	537
47	1545
47	496
47	925
47	924
47	602
48	200
48	502
48	109
48	56
48	725
48	1102
48	133
49	1583
49	643
49	396
49	511
49	594
49	1171
49	222
49	1270
49	1542
49	1080
49	570
49	1031
49	1320
49	438
49	488
49	1788
49	1831
49	652
49	355
49	1870
49	485
49	1824
49	777
49	1155
49	1532
49	563
49	1989
49	625
49	311
49	719
49	1148
49	1124
49	1292
49	201
49	1712
49	793
49	1801
49	549
49	1298
49	1802
49	1132
49	295
49	881
49	119
49	721
49	1101
49	787
49	1232
49	1316
49	863
49	359
49	944
49	903
49	1826
49	571
49	678
49	1833
49	826
49	1523
49	431
49	1850
49	1168
49	1182
49	1432
49	1094
49	1047
49	1847
50	214
50	1665
50	281
50	1442
50	1864
50	106
50	365
50	286
50	51
50	1877
50	1374
50	638
50	296
50	1304
50	1054
50	298
50	121
50	463
50	1804
50	1301
50	1183
50	664
50	432
50	910
50	696
50	1778
50	985
50	441
50	270
50	1169
50	1160
50	995
50	595
50	1858
50	1268
50	1087
50	677
50	1595
51	225
51	270
51	435
51	56
51	286
51	285
51	298
51	253
51	149
51	209
51	463
52	368
52	809
52	79
52	251
52	222
52	431
52	840
52	430
55	219
55	657
55	394
55	628
56	639
56	264
56	635
56	1063
56	1567
56	1797
56	388
56	1108
56	1079
56	57
56	310
56	352
56	694
56	1656
56	945
56	1210
56	365
56	1066
56	286
56	1399
56	974
56	760
56	628
56	839
57	1276
57	593
57	1390
57	622
57	118
57	158
59	702
59	194
61	200
61	202
61	128
61	174
61	1665
61	150
61	504
61	94
62	203
62	641
62	152
62	602
62	63
62	909
63	572
63	266
63	311
63	91
63	77
63	94
63	283
64	782
64	767
64	646
65	219
65	261
66	1144
66	198
66	1340
66	540
66	992
66	993
66	558
66	490
66	747
66	2129
66	2130
66	67
66	193
66	510
66	121
66	1092
66	961
66	1239
67	1331
67	121
67	1968
68	696
68	1467
68	1928
69	377
69	147
69	753
70	1144
70	1340
70	501
70	1078
70	2063
70	1266
70	993
70	959
70	623
70	617
70	692
72	594
72	1517
72	1798
72	1912
72	1106
72	1697
72	315
72	1713
72	1630
72	1883
72	1893
72	627
72	293
72	1108
72	531
72	1695
72	145
72	167
72	1841
72	513
72	1355
72	333
72	1768
72	252
72	1766
72	84
72	590
72	1245
72	338
72	1393
72	1080
72	1856
72	1921
72	1277
72	438
72	982
72	538
72	1478
72	122
72	1061
72	368
72	879
72	1557
72	467
72	123
72	126
72	124
72	285
72	1463
72	1793
72	1018
72	2081
72	358
72	399
72	1672
72	328
72	599
72	579
72	1502
72	1427
73	1295
73	253
73	158
74	1078
74	670
74	1010
74	511
74	1066
74	386
74	322
74	75
74	1444
74	1132
74	294
74	292
74	600
75	100
75	502
75	91
75	77
75	173
75	397
75	200
76	1172
76	475
76	1929
76	1068
76	77
77	396
77	511
77	886
77	1307
77	928
77	1394
77	222
77	935
77	1450
77	700
77	947
77	310
77	1320
77	813
77	818
77	1068
77	1199
77	485
77	945
77	146
77	1238
77	1062
77	1066
77	621
77	595
77	109
77	1012
77	1148
77	620
77	117
77	1103
77	765
77	1016
77	431
77	673
77	745
77	201
77	875
77	246
77	582
77	760
77	498
77	549
77	294
77	1343
78	612
79	465
79	1226
79	594
79	1229
79	588
79	1058
79	654
79	176
79	912
81	354
82	255
83	2169
83	2168
83	700
83	1031
83	485
83	365
83	641
83	1618
83	1371
83	286
83	1061
83	1062
83	1792
83	892
83	879
83	631
83	210
83	1048
83	1553
83	1183
83	1010
83	886
83	969
83	928
83	1456
83	95
83	1108
83	1314
83	910
83	654
83	1366
83	1008
83	2084
83	1861
83	1012
83	435
83	1160
83	1161
83	765
83	595
83	1606
83	996
83	1176
83	673
83	164
83	162
83	760
83	922
83	925
83	1258
83	416
83	839
84	99
84	245
84	1295
85	643
86	266
87	525
87	582
89	107
89	396
89	1150
89	1126
89	1394
89	490
89	181
89	1250
89	1122
89	1312
89	1279
89	1450
89	1526
89	1534
89	550
89	1453
89	558
89	1271
89	1248
89	370
89	201
89	1168
89	1475
89	251
89	1431
89	549
89	754
89	423
89	1217
90	1073
91	365
91	1319
91	1148
91	554
91	1520
91	1187
91	345
91	434
91	1347
91	174
91	1106
91	991
92	439
92	1382
92	760
92	862
92	123
92	93
93	439
93	1382
93	646
93	257
93	242
93	124
94	573
94	1583
94	396
94	511
94	119
94	894
94	787
94	949
94	438
94	910
94	1201
94	691
94	359
94	818
94	1406
94	192
94	386
94	117
94	1585
94	1141
94	251
94	602
94	1387
94	795
94	124
94	295
94	881
94	1469
95	770
95	202
95	354
95	158
95	212
95	326
96	354
96	122
96	661
97	571
97	910
97	144
97	212
97	483
97	673
97	745
100	1042
100	868
100	867
100	799
100	146
100	134
101	1665
101	354
101	1545
101	128
101	494
101	388
102	594
102	870
102	533
102	444
102	351
102	991
102	266
102	359
102	485
102	903
102	526
102	692
102	1196
102	538
102	303
102	1923
102	868
102	1148
102	1399
102	617
102	848
102	539
102	341
102	759
102	2096
102	295
103	419
103	163
103	104
104	494
104	499
106	128
106	499
106	876
106	158
106	261
106	388
106	197
106	1638
106	860
109	1874
109	938
109	666
109	436
109	871
109	638
109	1310
109	1195
109	210
109	901
109	566
109	902
110	572
112	2152
112	511
112	886
112	425
112	1394
112	1941
112	2151
112	642
112	574
112	479
112	1159
112	694
112	315
112	2150
112	365
112	1119
112	1066
112	390
112	1520
112	1310
112	2149
112	757
112	713
112	208
112	627
112	294
112	712
112	1343
116	705
116	2110
116	1451
116	540
116	1538
116	886
116	676
116	1327
116	1126
116	2106
116	2107
116	2111
116	2112
116	1246
116	1990
116	1570
116	1144
116	1661
116	149
116	900
116	483
116	1210
116	1322
116	167
116	501
116	637
116	727
116	2113
116	1222
116	1453
116	117
116	1796
116	559
116	129
116	1775
116	2108
116	661
116	2109
116	1518
116	135
116	164
116	1842
116	1299
116	627
116	1384
116	1217
117	311
117	551
117	1380
117	534
118	571
118	375
118	119
118	1063
118	158
118	1500
118	605
118	310
118	520
118	146
118	839
119	537
121	167
121	1663
121	814
121	855
121	876
121	1665
121	1166
121	551
121	2143
121	2142
123	338
123	792
123	1369
123	981
123	322
123	849
123	1650
123	865
123	486
123	1533
123	485
123	315
123	1574
123	563
123	1214
123	1371
123	1066
123	550
123	1643
123	723
123	217
123	892
123	1815
123	471
123	1640
123	292
123	295
123	124
123	1720
123	1109
123	425
123	1191
123	1018
123	1737
123	267
123	1025
123	359
123	358
123	1322
123	575
123	1251
123	163
123	349
123	579
123	836
123	162
123	418
123	421
123	1257
124	504
124	439
124	1022
124	922
124	253
124	212
124	460
125	494
126	639
126	781
126	1171
126	666
126	1124
126	558
126	244
126	638
126	2155
126	500
126	438
126	1168
126	1170
126	882
126	1132
128	1814
128	412
128	981
128	1567
128	941
128	982
128	1318
128	1700
128	1031
128	526
128	315
128	641
128	538
128	303
128	1214
128	1820
128	1124
128	893
128	620
128	1293
128	786
128	451
128	368
128	549
128	627
128	294
128	1889
128	1217
128	1076
128	169
128	779
128	466
128	285
128	1125
128	1110
128	1916
128	1372
128	531
128	696
128	1571
128	359
128	1783
128	985
128	1239
128	1406
128	571
128	678
128	1664
128	848
128	514
128	1683
128	333
128	1339
129	266
129	499
129	876
129	358
129	494
131	1183
131	742
131	1119
131	258
131	886
131	1086
131	418
131	1104
131	910
131	333
131	444
131	526
131	1532
131	759
131	585
131	590
131	149
131	545
131	1300
131	189
131	1322
133	843
133	433
133	886
133	540
133	1796
133	871
133	232
133	749
133	780
133	589
133	1928
134	171
134	202
134	311
134	204
134	354
134	283
134	1039
134	238
134	266
135	2006
135	1031
135	485
135	241
136	573
136	643
136	1266
136	784
136	137
136	1413
136	360
136	991
136	359
136	1199
136	538
136	303
136	365
136	1124
136	662
136	199
136	873
136	1094
136	1431
136	585
136	1928
142	206
142	606
142	443
142	143
143	197
143	311
144	602
144	161
144	218
144	348
144	764
144	158
144	556
144	226
144	1192
144	354
145	572
145	266
145	978
145	1936
145	891
145	294
145	567
145	146
146	629
146	685
146	650
146	651
147	643
147	617
147	399
149	1295
149	426
149	504
150	573
150	396
150	1010
150	928
150	1126
150	490
150	949
150	1242
150	1372
150	646
150	813
150	267
150	654
150	604
150	903
150	1346
150	538
150	1292
150	621
150	554
150	620
150	2221
150	164
150	673
150	539
150	879
150	964
152	238
152	552
152	210
154	500
154	558
154	244
154	2067
156	504
156	158
156	847
158	198
158	1550
158	511
158	594
158	890
158	824
158	512
158	1650
158	1073
158	1023
158	1320
158	692
158	693
158	1700
158	365
158	563
158	1037
158	2043
158	1371
158	1222
158	559
158	1815
158	807
158	1141
158	1054
158	1893
158	298
158	1465
158	458
158	795
158	1384
158	463
158	1217
158	1991
158	606
158	969
158	1736
158	1191
158	1126
158	1100
158	1108
158	1819
158	2116
158	910
158	2122
158	1454
158	1570
158	1778
158	359
158	1068
158	440
158	944
158	167
158	1845
158	1750
158	1169
158	163
158	517
158	1248
158	159
158	1586
158	1837
158	1011
158	1096
158	1349
158	1254
158	922
158	1088
158	2119
158	839
158	1245
158	1690
158	1081
158	601
158	2118
158	815
158	1079
158	865
158	1442
158	1360
158	733
158	1029
158	2120
158	2121
158	1478
158	225
158	1474
158	1462
158	1066
158	1148
158	386
158	286
158	620
158	1062
158	632
158	1211
158	638
158	1213
158	879
158	1209
158	1559
158	1557
158	1475
158	1806
158	210
158	1970
158	292
158	1048
158	1109
158	2123
158	1208
158	1818
158	1010
158	2115
158	540
158	1860
158	747
158	1439
158	1751
158	1314
158	646
158	951
158	1198
158	1366
158	1680
158	2117
158	328
158	1684
158	666
158	1771
158	1514
158	1688
158	595
158	1502
158	431
158	168
158	838
158	1419
158	251
158	753
158	1257
158	249
161	1210
161	1923
161	2208
161	887
161	1928
161	627
161	772
161	524
161	682
162	336
162	171
162	496
162	1665
162	388
163	496
164	499
164	876
164	253
164	234
165	283
167	1814
167	297
167	750
167	322
167	1666
167	512
167	197
167	815
167	1442
167	1533
167	485
167	1029
167	1700
167	637
167	2063
167	476
167	286
167	1124
167	807
167	1137
167	1054
167	1559
167	1632
167	463
167	1720
167	1208
167	894
167	1522
167	912
167	475
167	1454
167	1845
167	1078
167	678
167	1858
167	673
167	504
167	500
167	333
167	1096
169	347
171	297
171	969
171	1191
171	726
171	1607
171	1032
171	1025
171	355
171	1366
171	359
171	566
171	1113
171	1029
171	1322
171	1507
171	599
171	934
171	1213
171	793
171	1088
171	753
171	798
171	839
173	433
173	395
173	361
173	888
173	686
174	300
174	1310
174	533
174	175
174	341
174	267
174	1266
174	422
174	1941
174	434
175	354
177	358
180	974
180	1013
180	1597
180	1266
180	902
180	683
180	692
180	745
183	537
183	838
183	244
183	663
183	696
184	499
187	1457
187	499
188	202
189	1545
189	202
189	311
189	472
189	204
190	533
190	542
190	992
190	287
190	481
190	1197
190	1091
193	940
193	204
193	744
193	829
193	642
193	496
193	712
193	1489
193	354
193	966
193	295
193	986
195	737
195	1947
195	760
195	404
195	958
195	1189
195	1052
195	1167
197	198
197	1078
197	1233
197	435
197	490
197	1335
197	1586
197	1615
197	306
197	1545
197	631
197	1612
197	424
197	341
197	1597
197	210
197	1571
197	294
197	1237
197	692
197	1076
198	466
198	354
198	441
198	860
200	1010
200	533
200	310
200	652
200	863
200	1406
200	1346
200	390
200	873
200	760
200	498
200	251
200	1133
201	311
202	511
202	928
202	741
202	910
202	646
202	1318
202	1232
202	571
202	501
202	1041
202	431
202	430
202	283
202	1182
202	793
202	545
202	1132
203	448
203	347
203	551
203	923
204	1546
204	890
204	244
204	912
204	1110
204	1242
204	1576
204	225
204	951
204	1568
204	1195
204	355
204	654
204	1366
204	900
204	1029
204	1490
204	1581
204	1544
204	1462
204	637
204	971
204	1536
204	719
204	1292
204	386
204	448
204	727
204	1502
204	836
204	1644
204	677
204	506
204	1304
204	1096
204	415
204	629
204	210
204	1088
204	292
204	1048
204	628
207	476
210	354
211	894
211	1063
211	1125
211	471
211	673
211	836
211	1034
211	865
211	486
211	1131
211	692
212	1047
212	1307
212	222
212	908
212	234
212	813
212	1325
212	485
212	945
212	1238
212	1148
212	1271
212	1378
212	877
212	1601
214	743
214	1574
216	217
216	555
216	329
216	373
216	286
217	646
218	504
218	334
219	943
219	469
219	426
219	391
219	725
219	853
220	1942
222	572
222	770
222	448
222	472
223	261
225	1638
226	470
226	1550
226	1336
226	512
226	1615
226	865
226	1032
226	652
226	1113
226	303
226	868
226	893
226	1964
226	1627
226	1304
226	469
226	541
226	458
226	631
226	295
226	1966
226	1941
226	1110
226	1242
226	533
226	1570
226	1778
226	565
226	399
226	1086
226	992
226	1770
226	764
226	1186
226	1768
226	1767
229	789
229	618
231	268
231	707
231	995
231	486
231	745
234	235
234	1025
234	527
234	691
234	716
234	525
234	871
238	396
238	1455
238	833
238	322
238	787
238	570
238	1650
238	438
238	910
238	1452
238	780
238	355
238	359
238	565
238	1346
238	1210
238	1037
238	592
238	620
238	1231
238	892
238	333
238	469
238	1351
238	1044
238	382
238	341
238	925
238	795
238	627
238	585
239	622
242	439
242	1063
242	243
244	266
244	1545
245	511
245	701
245	1010
245	953
245	745
245	636
245	677
245	586
245	1300
245	526
245	1113
246	266
246	770
246	534
246	283
247	248
251	266
251	720
251	572
252	537
253	705
253	264
253	845
253	1191
253	890
253	1110
253	1032
253	438
253	815
253	696
253	687
253	1981
253	1630
253	835
253	435
253	620
253	1164
253	1211
253	500
253	1096
253	1726
253	925
253	631
253	292
254	1933
254	1932
254	558
254	1931
254	1934
257	1011
257	1010
257	466
259	462
259	311
259	358
261	1076
261	1078
261	588
261	525
263	455
263	662
263	540
266	701
266	936
266	375
266	928
266	1665
266	778
266	1949
266	652
266	318
266	488
266	691
266	355
266	311
266	1102
266	431
266	749
266	638
266	1219
266	1094
266	343
266	2137
266	2136
266	549
266	1130
266	462
266	1470
267	877
267	358
267	283
268	589
268	642
268	744
269	479
269	1516
270	499
270	1295
270	725
270	358
271	503
271	2167
272	273
275	1249
277	629
277	691
280	868
280	281
280	485
281	1545
283	1109
283	573
283	928
283	1394
283	1266
283	935
283	1080
283	438
283	910
283	947
283	1452
283	531
283	488
283	903
283	303
283	1037
283	1309
283	1284
283	1061
283	1124
283	1557
283	1044
283	2102
283	1132
283	1468
286	770
286	634
286	354
286	658
288	289
289	1163
289	557
289	363
289	802
292	876
292	358
293	1076
293	666
293	1665
293	912
293	702
293	982
293	696
293	708
293	629
293	1239
293	1068
293	631
293	315
293	839
294	1176
294	1665
294	763
295	977
295	338
295	948
295	845
295	1949
295	987
295	440
295	525
295	604
295	1136
295	637
295	1235
295	1119
295	1222
295	1161
295	1355
295	838
295	745
295	636
295	877
295	1209
295	589
295	712
297	472
298	720
300	302
300	1545
302	352
302	590
302	734
302	745
303	447
303	1928
307	765
307	355
307	488
308	1261
308	634
309	838
309	1408
309	698
309	1119
309	1349
309	922
309	315
309	745
310	316
310	612
311	841
311	1736
311	1163
311	1080
311	533
311	360
311	862
311	652
311	1324
311	1320
311	692
311	1238
311	1173
311	501
311	1989
311	1148
311	1292
311	840
311	673
311	1341
311	498
311	1387
311	423
311	627
311	630
312	354
313	638
313	1078
313	382
313	489
313	421
313	1266
313	631
313	314
313	702
315	336
315	876
316	772
316	527
316	1289
318	319
318	951
319	504
319	1545
319	1295
320	321
320	323
320	460
320	483
322	1545
322	678
322	1665
322	388
324	1969
324	652
324	863
324	749
324	550
328	354
329	618
329	556
331	600
331	669
333	361
333	1265
333	448
333	880
333	472
334	1478
334	1251
334	664
334	890
334	348
334	1561
334	747
334	1164
334	1018
334	974
334	838
334	1570
334	1096
334	652
334	2096
334	524
336	705
336	1191
336	1126
336	681
336	1607
336	1459
336	479
336	982
336	1025
336	1371
336	1119
336	1474
336	435
336	489
336	349
336	1164
336	514
336	838
336	368
336	1304
336	1767
336	467
336	1632
336	589
336	458
336	1510
338	1646
338	1390
338	354
340	1166
340	341
341	342
341	394
341	824
341	825
341	926
341	2131
343	562
343	1948
345	691
347	1603
347	854
348	354
349	655
349	350
349	493
351	878
351	1053
351	1956
351	1957
351	404
351	1928
352	496
352	597
352	942
354	1344
354	1789
354	1666
354	1277
354	479
354	982
354	1360
354	486
354	355
354	692
354	818
354	389
354	1453
354	620
354	378
354	1213
354	1885
354	370
354	368
354	1209
354	469
354	1976
354	1726
354	1632
354	961
354	549
354	1384
354	1513
354	977
354	969
354	425
354	772
354	1034
354	747
354	739
354	1110
354	951
354	1693
354	1570
354	1998
354	359
354	566
354	399
354	575
354	848
354	1164
354	579
354	1502
354	1837
354	1514
354	500
354	1419
354	1432
354	418
354	586
354	1257
354	1748
355	1380
355	725
355	441
358	824
358	1126
358	1563
358	1521
358	512
358	1373
358	564
358	1023
358	1784
358	604
358	1812
358	500
358	838
358	368
358	921
359	551
359	441
360	537
361	2054
361	501
361	550
361	456
361	1597
361	1638
361	1071
362	696
365	499
365	720
365	725
366	1104
368	447
368	980
368	1295
368	572
370	504
371	796
371	805
373	974
373	446
373	579
373	1163
373	1063
373	630
373	428
375	504
375	558
376	820
377	384
377	918
378	1665
378	1489
378	379
380	1062
380	910
380	780
382	885
382	886
382	383
382	523
382	765
382	693
386	1157
386	1638
388	1311
388	1208
388	845
388	1191
388	997
388	1277
388	1650
388	1454
388	1442
388	1255
388	637
388	1371
388	1779
388	1770
388	1164
388	1374
388	838
388	1559
388	1726
388	1217
390	623
391	1253
391	1154
391	934
397	1244
397	636
397	1063
397	595
397	398
397	902
399	504
399	1665
399	499
400	1651
400	835
400	1422
400	1021
400	449
400	579
400	892
400	910
400	1811
400	1652
400	1260
400	1800
400	654
400	1703
400	1134
400	1133
401	402
401	791
401	732
402	1147
407	489
408	409
410	411
410	728
412	1665
418	441
419	504
419	1638
420	466
421	441
423	572
425	504
425	441
426	1183
426	869
426	1141
426	886
426	558
426	654
426	617
426	765
426	1166
428	447
431	572
431	472
432	476
432	504
434	1665
434	828
435	504
436	504
436	1665
438	494
439	696
439	794
439	619
440	441
440	876
441	1109
441	977
441	1645
441	1327
441	750
441	1393
441	747
441	1246
441	1452
441	1533
441	483
441	1366
441	1323
441	903
441	1868
441	563
441	1119
441	1086
441	1799
441	1771
441	559
441	595
441	1248
441	871
441	1211
441	1683
441	879
441	467
441	631
441	2058
441	1076
442	556
446	846
446	871
447	1222
447	1132
447	2153
447	1311
447	1247
447	766
448	960
448	449
448	1080
448	766
449	1662
449	776
453	454
456	928
458	494
460	1074
460	832
460	562
460	635
460	844
460	628
460	1028
461	673
461	1150
461	745
462	739
462	919
462	585
462	545
462	662
462	734
462	941
466	1144
466	1010
466	1148
466	992
466	747
466	745
466	1108
466	1079
466	541
466	1571
466	1109
468	899
468	864
468	898
468	492
472	511
472	928
472	893
472	1439
472	1207
472	475
472	813
472	1031
472	1238
473	474
476	665
476	902
483	1295
483	577
485	532
485	1665
485	537
485	770
485	880
486	742
486	729
486	487
494	705
494	1439
494	985
494	604
494	1251
494	563
494	1255
494	1148
494	1474
494	620
494	599
494	1514
494	807
494	675
494	1054
494	586
494	1761
494	631
496	705
496	1478
496	511
496	1507
496	1222
496	807
496	638
496	1310
496	632
496	815
496	1430
496	586
496	628
496	1410
498	551
498	1380
499	1208
499	652
499	815
499	687
499	691
499	501
499	1169
499	1058
499	559
499	579
499	1595
502	1042
502	694
502	1063
502	659
502	927
502	1220
502	630
504	1318
504	1532
504	1371
504	1474
504	558
504	1644
504	539
504	1209
504	1813
504	970
504	1465
504	1806
504	628
504	664
504	1239
504	604
504	1499
504	599
504	506
504	925
504	1428
505	1295
509	957
509	662
509	550
511	1622
512	1665
512	876
515	1027
522	1935
522	646
522	813
524	1176
524	877
524	634
524	1660
524	1030
524	1102
524	597
524	525
525	802
526	877
526	906
526	916
526	1662
526	1176
530	572
532	539
532	741
532	533
532	2080
532	795
532	945
533	1665
534	535
537	538
537	868
537	678
537	835
537	1394
537	889
537	673
537	601
537	1351
537	1106
537	760
537	991
537	1281
537	1365
537	1175
539	1665
544	545
545	551
547	548
550	572
551	641
551	749
551	935
551	892
551	809
554	770
555	1941
559	778
560	1457
560	561
565	1295
565	725
567	697
567	755
572	573
572	1047
572	1414
572	1307
572	1126
572	1328
572	904
572	1450
572	1190
572	1239
572	1238
572	1037
572	1173
572	1012
572	1148
572	1560
572	673
572	1185
572	1585
572	745
576	975
576	832
577	1214
577	1209
577	1255
577	1063
577	1355
579	816
580	860
581	1286
581	582
582	891
582	802
583	1108
583	1266
583	1928
585	634
590	1953
590	1954
590	1003
590	886
590	684
590	989
590	902
590	701
595	725
599	1662
599	1638
603	770
604	1545
606	1276
607	740
608	1108
609	610
612	772
617	622
617	651
621	770
622	678
623	807
623	1321
627	778
627	1545
628	746
630	1494
634	739
634	877
634	780
634	1054
634	1535
634	1113
634	1018
639	720
639	778
639	1545
646	761
650	651
650	760
651	777
652	770
653	678
654	720
654	1176
654	706
654	1646
654	916
654	1380
654	1552
658	659
664	1545
664	1295
666	763
676	678
678	705
678	1140
678	1066
678	765
678	807
678	838
678	778
678	2211
678	815
678	1023
678	902
678	1029
687	1665
690	1068
690	691
691	1588
691	880
692	1176
695	696
695	797
696	861
697	1129
697	868
697	945
697	1181
701	906
701	725
701	1102
701	1489
705	1295
705	766
708	1665
711	765
712	720
720	788
720	721
720	1108
720	1079
720	1073
725	742
725	886
725	745
725	974
725	815
727	1380
729	1031
729	730
737	1480
742	1390
744	1390
749	770
749	1515
751	1665
753	1161
760	770
760	854
760	1596
763	818
763	839
764	806
764	814
764	1665
764	766
765	906
765	860
766	1140
766	1169
766	1420
766	1556
766	2166
766	981
766	997
766	807
766	1088
766	1251
766	1113
766	1191
770	928
770	845
770	2069
770	784
770	947
770	904
770	1314
770	1012
770	2068
770	1258
770	1175
773	858
777	1622
778	1086
778	779
778	1169
778	971
778	1191
778	1374
778	1514
778	1110
778	1147
778	1209
778	2126
778	1088
778	1113
778	874
778	1311
778	839
780	1102
791	1646
800	1224
800	945
802	888
802	818
806	890
806	807
807	1295
813	1049
814	815
814	1054
814	1023
815	1665
815	1638
816	1329
818	1176
818	1545
821	1967
828	1147
828	1209
828	1254
833	1545
838	876
845	1646
849	1665
860	961
860	1056
861	862
862	897
868	891
876	890
876	1567
876	1542
876	1360
876	900
876	1292
876	1248
876	974
876	1384
877	1210
880	974
880	2095
880	1182
880	928
880	991
880	1176
886	1636
886	1679
888	1382
889	897
900	1295
900	1157
906	1248
914	915
922	1545
925	1665
930	931
942	1004
951	1075
969	1665
969	1157
971	1295
971	1662
977	1590
977	1665
977	1638
985	1665
992	1176
1010	1249
1018	1295
1023	1545
1023	1665
1025	1545
1030	1103
1032	1665
1032	1638
1039	1062
1050	1051
1050	2156
1056	1382
1059	1646
1061	1665
1063	1390
1068	1176
1068	1588
1077	2066
1087	1176
1088	1638
1102	1161
1104	1545
1109	1545
1111	1590
1124	1665
1133	1590
1141	1660
1147	1649
1147	1673
1147	1949
1148	1545
1154	1665
1154	1662
1155	1156
1155	2154
1157	2010
1157	2009
1161	1261
1161	1646
1164	1295
1166	1382
1167	1480
1169	1295
1169	1665
1169	1662
1176	1183
1176	1472
1176	1237
1181	1928
1183	1295
1183	1545
1183	1665
1198	1545
1209	1590
1214	1380
1222	1295
1248	1295
1249	2209
1251	1590
1255	1295
1257	1665
1257	1295
1276	1320
1277	1545
1292	1295
1292	1638
1295	1819
1295	1568
1295	1355
1300	1455
1301	1545
1304	1638
1311	1662
1328	1390
1351	1665
1359	1646
1371	1638
1408	1545
1419	1638
1442	1545
1452	1665
1454	1665
1454	1545
1463	1545
1463	1590
1465	1545
1489	2094
1495	1930
1508	1509
1514	1590
1545	1856
1545	2055
1545	1557
1545	1559
1545	2058
1545	1884
1545	1720
1545	2172
1545	1841
1545	2002
1545	1688
1545	1837
1574	1639
1588	1589
1609	1610
1620	1967
1620	1928
1622	2133
1646	1725
1650	1665
1665	1812
1665	1890
1665	1907
1926	1928
1942	2178
2065	2066
-1	-1
4	1108
7	167
7	1128
7	559
7	75
7	764
7	565
13	67
14	121
16	537
16	311
26	55
26	786
26	47
28	420
28	1308
28	850
30	144
30	47
32	235
32	1672
32	1319
32	594
32	835
32	981
32	786
32	1920
32	807
32	838
32	815
32	708
32	961
32	104
32	944
47	55
49	1426
50	705
50	1812
50	563
50	594
50	512
50	1690
50	1688
50	982
50	1776
50	1539
50	1032
50	628
50	565
50	315
52	255
55	328
55	144
64	970
66	539
66	509
72	807
72	1111
72	947
72	1371
72	1726
72	1915
72	1684
72	900
74	112
76	77
89	501
89	545
90	91
94	621
94	813
123	266
123	1789
123	225
123	824
123	540
123	386
123	601
123	1032
123	415
123	687
123	419
123	1360
123	1088
123	399
123	944
128	1346
128	266
128	1371
128	225
128	244
128	1209
128	259
128	1368
128	1465
128	900
128	1245
136	501
167	1125
171	632
180	961
180	506
180	839
196	351
197	506
197	839
197	1322
197	981
200	621
202	1441
212	1426
212	501
212	616
212	1386
212	835
226	1465
226	254
238	431
241	354
244	504
253	1268
253	1198
283	1271
283	545
283	1207
283	835
289	338
293	628
293	1217
334	807
334	733
334	1113
336	824
336	753
336	512
354	1812
354	1078
354	676
354	981
354	1607
354	514
354	997
354	807
354	838
354	1147
354	415
354	708
354	483
358	1371
358	1368
358	1539
388	1111
388	1147
388	733
448	1545
468	970
469	522
472	475
499	1141
499	1368
499	1459
504	1245
504	676
504	2035
504	1387
504	1355
504	1029
559	876
563	1295
576	592
601	1545
622	623
733	1662
753	1545
824	1545
865	876
876	1690
997	1545
1096	1295
1191	1295
1251	1295
1387	1545
1545	1890
1545	1763
1665	1748
1665	1763
-1	-1
